Final homography: 
(array([[ 8.69390294e-01, -5.04026646e-01,  3.98977815e+02],
       [ 5.01620280e-01,  8.66587245e-01, -4.08770030e+02],
       [ 2.24991858e-06, -1.85979659e-06,  1.00000000e+00]]), array([[0],
       [0],
       [1],
       [1],
       [1],
       [0],
       [0],
       [0],
       [0],
       [0],
       [0],
       [0],
       [0],
       [0],
       [0],
       [0],
       [0],
       [0],
       [0],
       [0],
       [0],
       [0],
       [0],
       [0],
       [0],
       [0],
       [0],
       [0],
       [0],
       [0],
       [0],
       [1],
       [1],
       [0],
       [0],
       [1],
       [1],
       [1],
       [1],
       [0],
       [0],
       [0],
       [0],
       [0],
       [1],
       [0],
       [0],
       [0],
       [0],
       [1],
       [1],
       [0],
       [0],
       [0],
       [0],
       [0],
       [0],
       [0],
       [0],
       [1],
       [1],
       [1],
       [1],
       [1],
       [0],
       [1],
       [1],
       [0],
       [0],
       [0],
       [0],
       [0],
       [1],
       [0],
       [0],
       [1],
       [0],
       [1],
       [0]], dtype=uint8))
