Final homography: 
(array([[ 2.51704282e-01,  1.21057381e+00,  6.35608045e+01],
       [-1.20943168e+00,  2.58610291e-01,  1.56009675e+03],
       [-4.64104313e-06,  5.22979141e-06,  1.00000000e+00]]), array([[0],
       [0],
       [0],
       [0],
       [1],
       [0],
       [0],
       [0],
       [0],
       [0],
       [1],
       [0],
       [0],
       [0],
       [0],
       [0],
       [0],
       [0],
       [0],
       [0],
       [0],
       [0],
       [0],
       [1],
       [1],
       [1],
       [1],
       [0],
       [0],
       [0],
       [0],
       [0],
       [0],
       [1],
       [0],
       [0],
       [0],
       [0],
       [0],
       [0],
       [0],
       [0],
       [0],
       [1],
       [1],
       [1],
       [0],
       [0],
       [0],
       [0],
       [0],
       [0],
       [0],
       [0],
       [0],
       [0],
       [1],
       [1],
       [0],
       [0],
       [0],
       [0],
       [0],
       [0],
       [0],
       [1],
       [0],
       [1],
       [1],
       [1],
       [1],
       [0],
       [0],
       [0],
       [0],
       [1],
       [1],
       [0],
       [1],
       [0],
       [1],
       [0],
       [0],
       [0]], dtype=uint8))
